1 0 16 0 1 0
1 0 94 0 1 0
1 0 96 0 1 0
1 0 143 0 1 0
1 0 272 0 1 0
1 0 351 0 1 0
1 0 370 0 1 0
1 0 3330 0 1 0
1 0 3334 0 1 0
1 0 3336 0 1 0
1 0 3338 0 1 0
1 0 3376 0 1 0
1 0 3485 0 1 0
1 0 3504 0 1 0
1 0 3505 0 1 0
1 0 3532 0 1 0
1 0 3533 0 1 0
1 0 3561 0 1 0
1 0 3565 0 1 0
1 0 3629 0 1 0
1 0 3654 0 1 0
1 0 3820 0 1 0
1 0 3826 0 1 0
1 0 3932 0 1 0
1 0 3938 0 1 0
2 0 30 0 1 0
2 0 55 0 1 0
2 0 59 0 1 0
2 0 145 0 1 0
2 0 160 0 1 0
2 0 272 0 1 0
2 0 374 0 1 0
2 0 3463 0 1 0
2 0 3639 0 1 0
2 0 3782 0 1 0
2 0 3788 0 1 0
2 0 3906 0 1 0
2 0 3909 0 1 0
2 0 3910 0 1 0
2 0 3917 0 1 0
2 0 3930 0 1 0
3 0 16 0 1 0
3 0 28 0 1 0
3 0 31 0 1 0
3 0 51 0 1 0
3 0 92 0 1 0
3 0 97 0 1 0
3 0 131 0 1 0
3 0 135 0 1 0
3 0 136 0 1 0
3 0 138 0 1 0
3 0 140 0 1 0
3 0 169 0 1 0
3 0 195 0 1 0
3 0 197 0 1 0
3 0 218 0 1 0
3 0 242 0 1 0
3 0 256 0 1 0
3 0 274 0 1 0
3 0 276 0 1 0
3 0 325 0 1 0
3 0 3325 0 1 0
3 0 3342 0 1 0
3 0 3361 0 1 0
3 0 3370 0 1 0
3 0 3387 0 1 0
3 0 3397 0 1 0
3 0 3403 0 1 0
3 0 3410 0 1 0
3 0 3411 0 1 0
3 0 3413 0 1 0
3 0 3418 0 1 0
3 0 3437 0 1 0
3 0 3438 0 1 0
3 0 3461 0 1 0
3 0 3494 0 1 0
3 0 3504 0 1 0
3 0 3521 0 1 0
3 0 3531 0 1 0
3 0 3532 0 1 0
3 0 3533 0 1 0
3 0 3561 0 1 0
3 0 3598 0 1 0
3 0 3623 0 1 0
3 0 3654 0 1 0
3 0 3660 0 1 0
3 0 3662 0 1 0
3 0 3668 0 1 0
3 0 3693 0 1 0
3 0 3700 0 1 0
3 0 3716 0 1 0
3 0 3720 0 1 0
3 0 3724 0 1 0
3 0 3734 0 1 0
3 0 3745 0 1 0
3 0 3788 0 1 0
3 0 3805 0 1 0
3 0 3828 0 1 0
3 0 3867 0 1 0
3 0 3869 0 1 0
3 0 3876 0 1 0
3 0 3886 0 1 0
3 0 3895 0 1 0
3 0 3896 0 1 0
3 0 3907 0 1 0
3 0 3918 0 1 0
3 0 3921 0 1 0
3 0 3930 0 1 0
3 0 3935 0 1 0
4 0 113 0 1 0
4 0 309 0 1 0
4 0 354 0 1 0
4 0 3374 0 1 0
4 0 3674 0 1 0
4 0 3678 0 1 0
5 0 3 0 1 0
5 0 14 0 1 0
5 0 16 0 1 0
5 0 23 0 1 0
5 0 24 0 1 0
5 0 32 0 1 0
5 0 33 0 1 0
5 0 34 0 1 0
5 0 39 0 1 0
5 0 41 0 1 0
5 0 42 0 1 0
5 0 43 0 1 0
5 0 46 0 1 0
5 0 65 0 1 0
5 0 92 0 1 0
5 0 106 0 1 0
5 0 112 0 1 0
5 0 113 0 1 0
5 0 125 0 1 0
5 0 141 0 1 0
5 0 144 0 1 0
5 0 146 0 1 0
5 0 161 0 1 0
5 0 163 0 1 0
5 0 168 0 1 0
5 0 170 0 1 0
5 0 171 0 1 0
5 0 172 0 1 0
5 0 173 0 1 0
5 0 175 0 1 0
5 0 177 0 1 0
5 0 178 0 1 0
5 0 184 0 1 0
5 0 185 0 1 0
5 0 186 0 1 0
5 0 190 0 1 0
5 0 216 0 1 0
5 0 226 0 1 0
5 0 228 0 1 0
5 0 241 0 1 0
5 0 248 0 1 0
5 0 257 0 1 0
5 0 262 0 1 0
5 0 268 0 1 0
5 0 270 0 1 0
5 0 282 0 1 0
5 0 287 0 1 0
5 0 304 0 1 0
5 0 313 0 1 0
5 0 314 0 1 0
5 0 315 0 1 0
5 0 316 0 1 0
5 0 317 0 1 0
5 0 319 0 1 0
5 0 322 0 1 0
5 0 325 0 1 0
5 0 326 0 1 0
5 0 328 0 1 0
5 0 329 0 1 0
5 0 351 0 1 0
5 0 357 0 1 0
5 0 360 0 1 0
5 0 361 0 1 0
5 0 366 0 1 0
5 0 370 0 1 0
5 0 375 0 1 0
5 0 3324 0 1 0
5 0 3327 0 1 0
5 0 3329 0 1 0
5 0 3331 0 1 0
5 0 3332 0 1 0
5 0 3333 0 1 0
5 0 3336 0 1 0
5 0 3337 0 1 0
5 0 3341 0 1 0
5 0 3342 0 1 0
5 0 3343 0 1 0
5 0 3345 0 1 0
5 0 3347 0 1 0
5 0 3374 0 1 0
5 0 3387 0 1 0
5 0 3388 0 1 0
5 0 3390 0 1 0
5 0 3396 0 1 0
5 0 3397 0 1 0
5 0 3401 0 1 0
5 0 3403 0 1 0
5 0 3404 0 1 0
5 0 3405 0 1 0
5 0 3407 0 1 0
5 0 3409 0 1 0
5 0 3412 0 1 0
5 0 3415 0 1 0
5 0 3417 0 1 0
5 0 3420 0 1 0
5 0 3437 0 1 0
5 0 3439 0 1 0
5 0 3441 0 1 0
5 0 3443 0 1 0
5 0 3444 0 1 0
5 0 3449 0 1 0
5 0 3460 0 1 0
5 0 3469 0 1 0
5 0 3470 0 1 0
5 0 3472 0 1 0
5 0 3473 0 1 0
5 0 3474 0 1 0
5 0 3475 0 1 0
5 0 3480 0 1 0
5 0 3481 0 1 0
5 0 3482 0 1 0
5 0 3490 0 1 0
5 0 3494 0 1 0
5 0 3495 0 1 0
5 0 3498 0 1 0
5 0 3503 0 1 0
5 0 3504 0 1 0
5 0 3511 0 1 0
5 0 3519 0 1 0
5 0 3525 0 1 0
5 0 3527 0 1 0
5 0 3528 0 1 0
5 0 3529 0 1 0
5 0 3530 0 1 0
5 0 3531 0 1 0
5 0 3532 0 1 0
5 0 3533 0 1 0
5 0 3535 0 1 0
5 0 3537 0 1 0
5 0 3542 0 1 0
5 0 3543 0 1 0
5 0 3548 0 1 0
5 0 3561 0 1 0
5 0 3562 0 1 0
5 0 3563 0 1 0
5 0 3567 0 1 0
5 0 3569 0 1 0
5 0 3580 0 1 0
5 0 3582 0 1 0
5 0 3586 0 1 0
5 0 3589 0 1 0
5 0 3590 0 1 0
5 0 3591 0 1 0
5 0 3592 0 1 0
5 0 3593 0 1 0
5 0 3595 0 1 0
5 0 3596 0 1 0
5 0 3597 0 1 0
5 0 3599 0 1 0
5 0 3602 0 1 0
5 0 3604 0 1 0
5 0 3606 0 1 0
5 0 3607 0 1 0
5 0 3608 0 1 0
5 0 3610 0 1 0
5 0 3611 0 1 0
5 0 3612 0 1 0
5 0 3613 0 1 0
5 0 3617 0 1 0
5 0 3618 0 1 0
5 0 3622 0 1 0
5 0 3625 0 1 0
5 0 3628 0 1 0
5 0 3629 0 1 0
5 0 3630 0 1 0
5 0 3636 0 1 0
5 0 3653 0 1 0
5 0 3654 0 1 0
5 0 3658 0 1 0
5 0 3661 0 1 0
5 0 3666 0 1 0
5 0 3669 0 1 0
5 0 3672 0 1 0
5 0 3673 0 1 0
5 0 3680 0 1 0
5 0 3692 0 1 0
5 0 3693 0 1 0
5 0 3694 0 1 0
5 0 3699 0 1 0
5 0 3700 0 1 0
5 0 3701 0 1 0
5 0 3704 0 1 0
5 0 3705 0 1 0
5 0 3706 0 1 0
5 0 3707 0 1 0
5 0 3708 0 1 0
5 0 3709 0 1 0
5 0 3710 0 1 0
5 0 3714 0 1 0
5 0 3715 0 1 0
5 0 3726 0 1 0
5 0 3734 0 1 0
5 0 3760 0 1 0
5 0 3771 0 1 0
5 0 3775 0 1 0
5 0 3781 0 1 0
5 0 3788 0 1 0
5 0 3790 0 1 0
5 0 3792 0 1 0
5 0 3793 0 1 0
5 0 3795 0 1 0
5 0 3805 0 1 0
5 0 3812 0 1 0
5 0 3816 0 1 0
5 0 3817 0 1 0
5 0 3818 0 1 0
5 0 3820 0 1 0
5 0 3821 0 1 0
5 0 3822 0 1 0
5 0 3824 0 1 0
5 0 3826 0 1 0
5 0 3827 0 1 0
5 0 3828 0 1 0
5 0 3829 0 1 0
5 0 3830 0 1 0
5 0 3831 0 1 0
5 0 3834 0 1 0
5 0 3835 0 1 0
5 0 3838 0 1 0
5 0 3841 0 1 0
5 0 3842 0 1 0
5 0 3846 0 1 0
5 0 3848 0 1 0
5 0 3849 0 1 0
5 0 3865 0 1 0
5 0 3869 0 1 0
5 0 3876 0 1 0
5 0 3890 0 1 0
5 0 3901 0 1 0
5 0 3913 0 1 0
5 0 3928 0 1 0
5 0 3929 0 1 0
5 0 3932 0 1 0
5 0 3937 0 1 0
5 0 3939 0 1 0
6 0 42 0 1 0
6 0 106 0 1 0
6 0 112 0 1 0
6 0 125 0 1 0
6 0 161 0 1 0
6 0 171 0 1 0
6 0 248 0 1 0
6 0 287 0 1 0
6 0 351 0 1 0
6 0 366 0 1 0
6 0 375 0 1 0
6 0 3324 0 1 0
6 0 3345 0 1 0
6 0 3390 0 1 0
6 0 3396 0 1 0
6 0 3404 0 1 0
6 0 3417 0 1 0
6 0 3439 0 1 0
6 0 3444 0 1 0
6 0 3460 0 1 0
6 0 3469 0 1 0
6 0 3470 0 1 0
6 0 3472 0 1 0
6 0 3494 0 1 0
6 0 3537 0 1 0
6 0 3542 0 1 0
6 0 3580 0 1 0
6 0 3586 0 1 0
6 0 3591 0 1 0
6 0 3602 0 1 0
6 0 3636 0 1 0
6 0 3658 0 1 0
6 0 3661 0 1 0
6 0 3666 0 1 0
6 0 3673 0 1 0
6 0 3694 0 1 0
6 0 3700 0 1 0
6 0 3709 0 1 0
6 0 3760 0 1 0
6 0 3788 0 1 0
6 0 3790 0 1 0
6 0 3795 0 1 0
6 0 3820 0 1 0
6 0 3822 0 1 0
6 0 3830 0 1 0
6 0 3865 0 1 0
6 0 3932 0 1 0
6 0 3939 0 1 0
7 0 65 0 1 0
7 0 92 0 1 0
7 0 282 0 1 0
7 0 361 0 1 0
7 0 3405 0 1 0
7 0 3441 0 1 0
7 0 3449 0 1 0
7 0 3562 0 1 0
7 0 3706 0 1 0
7 0 3708 0 1 0
7 0 3734 0 1 0
7 0 3818 0 1 0
8 0 65 0 1 0
8 0 92 0 1 0
8 0 163 0 1 0
8 0 282 0 1 0
8 0 361 0 1 0
8 0 3387 0 1 0
8 0 3405 0 1 0
8 0 3441 0 1 0
8 0 3449 0 1 0
8 0 3490 0 1 0
8 0 3533 0 1 0
8 0 3562 0 1 0
8 0 3599 0 1 0
8 0 3699 0 1 0
8 0 3706 0 1 0
8 0 3708 0 1 0
8 0 3734 0 1 0
8 0 3817 0 1 0
8 0 3818 0 1 0
9 0 219 0 1 0
9 0 223 0 1 0
9 0 288 0 1 0
9 0 305 0 1 0
9 0 3549 0 1 0
9 0 3663 0 1 0
9 0 3762 0 1 0
9 0 3766 0 1 0
